 

 

 

 

 

 

 

 

16
8ᾶὶωῆὟᾶ paginae adieet. αάἰοοίίτι postposita
Dialogus ante-pogiJaPOSt· Deigot 1³1ngo 51)(1. 100 ειιῒξὲἓείῐοιιιιιι
1 2 3 4

1) *Charmides 30 1 2 18,1 12,2 Ι 53001
2) ¹⁸¹ Parmenides 28 5 31,2 10, 5 17 ,5 510
3) ¹⁸¹ Crito 15 3 9, 5 20 20 510
4) Protagoras 111 22 39, 5 33, 5 21,2 510
5) Euthydemus 46 10 27 ,9 20 21,5 510
5) Afflssss'ffia ἓξ {i {33} {3 5 {31⁰7
3) * Euthyphro 14 ι 4 11,7 13, 5 23 013
9) cratylus 42 14 42, 3 13 33Ἰ 0510
10) Gorgias 117 43 61,6 26 36, 7 510
11) Respublica 467 175 193, 9 33 37, 5 510
1 ¹¹ 41 12 ¹ 29, 2 ο10

11 42 19 45, 2 ⁰l0

III 56 27 48, 2 510

IV 31 15 48, 4 510
V 43 15 35 510
VI 55 21 38 510
VII 43 12 28 510

VIII 61 21 34, 4 510
ῙΧ 37 14 38 510

X 58 19 33 510
2) —Ph aedo 93 35 49, 2 29, 5 37 ,5 510
13) Politieus 111 42 43, 2 35 39 510
14) Phaedrus 130 52 39 46, 6 40 510
15) *Lysis 14 6 ea. 16 12,5 ,43 510
16) * Laches 22 11 17 ,8 18,5 50 010
17) Sophistes 74 37 39, 6 28 50 510
18) Conviv. 75 39 39,3 30 52 510
19) Theaet 91 51 53 27 56,5 510
20) Phileb 69 43 43, 2 25 62 510
21) Timaeus 171 111 53,3 53 65 51
22) Leges ιι 617 466 236,4 41 1 75,5 51
1 48 32 Ι Ι 733111
11 33 24 7251 510
111 50 43 86 ⁰lo
IV 41 33 80, 5 510
V 49 28 58 515
VI 56 47 84 510

VII 68 55 83, 2 510
VIII 52 50 96 510

ΙΧ 40 33 85 51
Χ 52 35 67110510

ΧΙ 72 48 67 5
ΧΠ ΙΙ 56 Ι 38 1167 0κ»

 

23) *0111193 „---2 ΙΙ 50 A: 46θ Ι ’,112 Μ-*ψῗ-ἶῄ-ᾐ-ὃῦᾅῖΙ 93- ⁰¹0

 

